S,1,2,1,1,1,1,-17,1,-23,0,200,400,500,1000,100,100,100,100,100,5,0,200,400,500,1000,10,20,30,40,50,5,0,200,400,500,1000,50,50,50,50,50,5,0,200,400,500,1000,10,20,30,40,50,5,0,200,400,500,1000,10,20,30,40,50,5,0,200,400,500,1000,10,20,30,40,50,5,-1,800,1000,800,-1,0,1000,1000,-1

AFH,1,90,0
AFM,1,9,9,9,3,1,4,4,4,5,-13,-10,-15,-17,-14,-12,-10,-8,-9,8,8,8,8,10,10,20,20,20,150,150,150,150,150,150,150,150,150,3,9,0,1,1,0,10,150,-85,-64,-40,-25,0,-95,-58,-31,-20,-11,5,-85,-64,-40,-25,0,-95,-58,-30,-18,-10,5,230,230,120,120,2,0,4,0,2,0,4,0,-10,-20,25,150,-1,300
AFP,1,9,9,9,3,1,4,4,4,5,-14,-13,-19,-21,-17,-14,-10,-8,-9,8,8,8,8,10,10,20,20,20,150,150,150,150,150,150,150,150,150,3,9,0,1,0,-1,10,150,-85,-64,-40,-25,0,-95,-58,-31,-21,-12,5,-85,-64,-40,-25,0,-95,-58,-30,-20,-12,5,230,230,120,120,2,0,4,0,2,0,4,0,-10,-20,25,150,-1,300
AFC,1,6,7,9,5,5,8,5,2,2,-13,-10,-15,-17,-14,-12,-10,-8,-9,8,8,8,8,10,10,20,20,20,150,150,150,150,150,150,150,150,150,3,9,0,1,2,0,10,150,-85,-64,-40,-25,0,-95,-58,-33,-21,-12,5,-85,-64,-40,-25,0,-95,-58,-32,-20,-12,5,230,230,120,120,2,0,4,0,2,0,4,0,-10,-20,25,150,-1,300
AFAM,1,1,195,180,6,1,350,130,-2,1,520,180,-3,1,710,220,-11,1,980,320,-4,1,2050,1050,-12,1,3750,500,-1,1,4550,1000,3,1,5750,900,-11,1,7200,2000,3,1,8100,1200,3,1,9600,2400,3,1,11400,2400,2,2,14500,1200,2,0,1600,400,-2,0,3100,700,2,0,6500,800,-2,0,12000,4000,-2,0,1500,1000,-1,0,1000,200,7
AFAP,1,1,195,180,6,1,350,130,-4,1,520,180,-6,1,710,220,-15,1,980,320,-7,1,2050,1050,-13,1,3750,500,-1,1,4550,1000,3,1,5750,900,-11,1,7200,2000,3,1,8100,1200,3,1,9600,2400,3,1,11400,2400,2,2,14500,1200,2,0,1600,400,-2,0,3100,700,2,0,6500,800,-2,0,12000,4000,-2,0,1500,1000,-1,0,1000,200,7
AFAC,1,1,195,180,6,1,350,130,-2,1,520,180,-3,1,710,220,-11,1,980,320,-4,1,2050,1050,-12,1,3750,500,-1,1,4550,1000,3,1,5750,900,-11,1,7200,2000,3,1,8100,1200,3,1,9600,2400,3,1,11400,2400,2,2,14500,1200,2,0,1600,400,-2,0,3100,700,2,0,6500,800,-2,0,12000,4000,-2,0,1500,1000,-1,0,1000,200,7
AMH,1,90,0
AMM,1,9,9,9,3,1,4,4,4,5,-13,-10,-15,-17,-14,-12,-10,-8,-9,8,8,8,8,10,10,20,20,20,150,150,150,150,150,150,150,150,150,3,9,0,1,1,0,10,150,-85,-64,-40,-25,0,-95,-58,-31,-20,-11,5,-85,-64,-40,-25,0,-95,-58,-30,-18,-10,5,230,230,120,120,2,0,4,0,2,0,4,0,-10,-20,25,150,-1,300
AMP,1,9,9,9,3,1,4,4,4,5,-14,-13,-19,-21,-17,-14,-10,-8,-9,8,8,8,8,10,10,20,20,20,150,150,150,150,150,150,150,150,150,3,9,0,1,0,-1,10,150,-85,-64,-40,-25,0,-95,-58,-31,-21,-12,5,-85,-64,-40,-25,0,-95,-58,-30,-20,-12,5,230,230,120,120,2,0,4,0,2,0,4,0,-10,-20,25,150,-1,300
AMC,1,6,7,9,5,5,8,5,2,2,-13,-10,-15,-17,-14,-12,-10,-8,-9,8,8,8,8,10,10,20,20,20,150,150,150,150,150,150,150,150,150,3,9,0,1,2,0,10,150,-85,-64,-40,-25,0,-95,-58,-33,-21,-12,5,-85,-64,-40,-25,0,-95,-58,-32,-20,-12,5,230,230,120,120,2,0,4,0,2,0,4,0,-10,-20,25,150,-1,300
AMAM,1,1,195,180,6,1,350,130,-2,1,520,180,-3,1,710,220,-11,1,980,320,-4,1,2050,1050,-12,1,3750,500,-1,1,4550,1000,3,1,5750,900,-11,1,7200,2000,3,1,8100,1200,3,1,9600,2400,3,1,11400,2400,2,2,14500,1200,2,0,1600,400,-2,0,3100,700,2,0,6500,800,-2,0,12000,4000,-2,0,1500,1000,-1,0,1000,200,7
AMAP,1,1,195,180,6,1,350,130,-4,1,520,180,-6,1,710,220,-15,1,980,320,-7,1,2050,1050,-13,1,3750,500,-1,1,4550,1000,3,1,5750,900,-11,1,7200,2000,3,1,8100,1200,3,1,9600,2400,3,1,11400,2400,2,2,14500,1200,2,0,1600,400,-2,0,3100,700,2,0,6500,800,-2,0,12000,4000,-2,0,1500,1000,-1,0,1000,200,7
AMAC,1,1,195,180,6,1,350,130,-2,1,520,180,-3,1,710,220,-11,1,980,320,-4,1,2050,1050,-12,1,3750,500,-1,1,4550,1000,3,1,5750,900,-11,1,7200,2000,3,1,8100,1200,3,1,9600,2400,3,1,11400,2400,2,2,14500,1200,2,0,1600,400,-2,0,3100,700,2,0,6500,800,-2,0,12000,4000,-2,0,1500,1000,-1,0,1000,200,7

BFH,1,90,2
BFM,1,9,9,9,4,2,5,3,4,5,-13,-10,-15,-17,-14,-12,-12,-10,-9,8,8,8,8,10,120,20,20,20,150,150,150,150,150,150,150,150,150,3,9,0,1,1,0,10,150,-85,-64,-40,-25,0,-95,-58,-31,-20,-11,5,-85,-64,-40,-25,0,-95,-58,-30,-18,-10,5,230,230,120,120,2,0,4,0,2,0,4,0,-10,-20,25,150,-1,300
BFP,1,9,9,9,4,2,5,3,4,5,-14,-12,-19,-21,-17,-14,-12,-10,-9,8,8,8,8,10,120,20,20,20,150,150,150,150,150,150,150,150,150,3,9,0,1,0,-1,10,150,-85,-64,-40,-25,0,-95,-58,-31,-21,-12,5,-85,-64,-40,-25,0,-95,-58,-30,-20,-12,5,230,230,120,120,2,0,4,0,2,0,4,0,-10,-20,25,150,-1,300
BFC,1,6,7,9,6,7,9,4,2,2,-13,-10,-15,-17,-14,-12,-12,-10,-9,8,8,8,8,10,120,20,20,20,150,150,150,150,150,150,150,150,150,3,9,0,1,2,0,10,150,-85,-64,-40,-25,0,-95,-58,-33,-21,-12,5,-85,-64,-40,-25,0,-95,-58,-32,-20,-12,5,230,230,120,120,2,0,4,0,2,0,4,0,-10,-20,25,150,-1,300
BFAM,1,1,195,180,6,1,355,140,-2,1,540,140,-2,1,715,230,-6,1,990,320,-4,1,2000,1400,1,1,4050,1200,-15,1,5800,2200,3,1,7400,2000,2,1,9750,1100,-9,1,11500,2400,2,2,14500,2800,2,0,5400,1000,-6,0,250,165,5,0,1600,400,-2,0,3100,700,2,0,6500,800,-2,0,12000,4000,-2,0,1500,1000,-1,0,1000,200,7
BFAP,1,1,195,180,6,1,355,140,-4,1,540,140,-5,1,715,230,-10,1,990,320,-7,1,2000,1400,0,1,4050,1200,-15,1,5800,2200,3,1,7400,2000,2,1,9750,1100,-9,1,11500,2400,2,2,14500,2800,2,0,5400,1000,-6,0,250,165,5,0,1600,400,-2,0,3100,700,2,0,6500,800,-2,0,12000,4000,-2,0,1500,1000,-1,0,1000,200,7
BFAC,1,1,195,180,6,1,355,140,-2,1,540,140,-2,1,715,230,-6,1,990,320,-4,1,2000,1400,1,1,4050,1200,-15,1,5800,2200,3,1,7400,2000,2,1,9750,1100,-9,1,11500,2400,2,2,14500,2800,2,0,5400,1000,-6,0,250,165,5,0,1600,400,-2,0,3100,700,2,0,6500,800,-2,0,12000,4000,-2,0,1500,1000,-1,0,1000,200,7
BMH,1,90,2
BMM,1,9,9,9,4,2,5,3,4,5,-13,-10,-15,-17,-14,-12,-12,-10,-9,8,8,8,8,10,120,20,20,20,150,150,150,150,150,150,150,150,150,3,9,0,1,1,0,10,150,-85,-64,-40,-25,0,-95,-58,-31,-20,-11,5,-85,-64,-40,-25,0,-95,-58,-30,-18,-10,5,230,230,120,120,2,0,4,0,2,0,4,0,-10,-20,25,150,-1,300
BMP,1,9,9,9,4,2,5,3,4,5,-14,-12,-19,-21,-17,-14,-12,-10,-9,8,8,8,8,10,120,20,20,20,150,150,150,150,150,150,150,150,150,3,9,0,1,0,-1,10,150,-85,-64,-40,-25,0,-95,-58,-31,-21,-12,5,-85,-64,-40,-25,0,-95,-58,-30,-20,-12,5,230,230,120,120,2,0,4,0,2,0,4,0,-10,-20,25,150,-1,300
BMC,1,6,7,9,6,7,9,4,2,2,-13,-10,-15,-17,-14,-12,-12,-10,-9,8,8,8,8,10,120,20,20,20,150,150,150,150,150,150,150,150,150,3,9,0,1,2,0,10,150,-85,-64,-40,-25,0,-95,-58,-33,-21,-12,5,-85,-64,-40,-25,0,-95,-58,-32,-20,-12,5,230,230,120,120,2,0,4,0,2,0,4,0,-10,-20,25,150,-1,300
BMAM,1,1,195,180,6,1,355,140,-2,1,540,140,-2,1,715,230,-6,1,990,320,-4,1,2000,1400,1,1,4050,1200,-15,1,5800,2200,3,1,7400,2000,2,1,9750,1100,-9,1,11500,2400,2,2,14500,2800,2,0,5400,1000,-6,0,250,165,5,0,1600,400,-2,0,3100,700,2,0,6500,800,-2,0,12000,4000,-2,0,1500,1000,-1,0,1000,200,7
BMAP,1,1,195,180,6,1,355,140,-4,1,540,140,-5,1,715,230,-10,1,990,320,-7,1,2000,1400,0,1,4050,1200,-15,1,5800,2200,3,1,7400,2000,2,1,9750,1100,-9,1,11500,2400,2,2,14500,2800,2,0,5400,1000,-6,0,250,165,5,0,1600,400,-2,0,3100,700,2,0,6500,800,-2,0,12000,4000,-2,0,1500,1000,-1,0,1000,200,7
BMAC,1,1,195,180,6,1,355,140,-2,1,540,140,-2,1,715,230,-6,1,990,320,-4,1,2000,1400,1,1,4050,1200,-15,1,5800,2200,3,1,7400,2000,2,1,9750,1100,-9,1,11500,2400,2,2,14500,2800,2,0,5400,1000,-6,0,250,165,5,0,1600,400,-2,0,3100,700,2,0,6500,800,-2,0,12000,4000,-2,0,1500,1000,-1,0,1000,200,7

CFH,1,50,0
CFM,0,0,0,0,0,0,0,0,0,0,0,0,0,0,0,0,0,0,0,0,0,0,0,0,0,0,0,0,0,0,0,0,0,0,0,0,0,0,0,0,0,0,0,0,0,0,0,0,0,0,0,0,0,0,0,0,0,0,0,0,0,0,0,0,0,0,0,0,0,0,0,0,0,0,0,0,0,0,0,0,0,0,0,0,100
CFP,0,0,0,0,0,0,0,0,0,0,0,0,0,0,0,0,0,0,0,0,0,0,0,0,0,0,0,0,0,0,0,0,0,0,0,0,0,0,0,0,0,0,0,0,0,0,0,0,0,0,0,0,0,0,0,0,0,0,0,0,0,0,0,0,0,0,0,0,0,0,0,0,0,0,0,0,0,0,0,0,0,0,0,0,100
CFC,0,0,0,0,0,0,0,0,0,0,0,0,0,0,0,0,0,0,0,0,0,0,0,0,0,0,0,0,0,0,0,0,0,0,0,0,0,0,0,0,0,0,0,0,0,0,0,0,0,0,0,0,0,0,0,0,0,0,0,0,0,0,0,0,0,0,0,0,0,0,0,0,0,0,0,0,0,0,0,0,0,0,0,0,100
CFAM,0,0,800,200,0,0,800,200,0,0,800,200,0,0,800,200,0,0,800,200,0,0,800,200,0,0,800,200,0,0,800,200,0,0,800,200,0,0,800,200,0,0,800,200,0,0,800,200,0,0,800,200,0,0,800,200,0,0,800,200,0,0,800,200,0,0,800,200,0,0,800,200,0,0,800,200,0,0,800,200,0
CFAP,0,0,800,200,0,0,800,200,0,0,800,200,0,0,800,200,0,0,800,200,0,0,800,200,0,0,800,200,0,0,800,200,0,0,800,200,0,0,800,200,0,0,800,200,0,0,800,200,0,0,800,200,0,0,800,200,0,0,800,200,0,0,800,200,0,0,800,200,0,0,800,200,0,0,800,200,0,0,800,200,0
CFAC,0,0,800,200,0,0,800,200,0,0,800,200,0,0,800,200,0,0,800,200,0,0,800,200,0,0,800,200,0,0,800,200,0,0,800,200,0,0,800,200,0,0,800,200,0,0,800,200,0,0,800,200,0,0,800,200,0,0,800,200,0,0,800,200,0,0,800,200,0,0,800,200,0,0,800,200,0,0,800,200,0
CMH,1,50,0
CMM,0,0,0,0,0,0,0,0,0,0,0,0,0,0,0,0,0,0,0,0,0,0,0,0,0,0,0,0,0,0,0,0,0,0,0,0,0,0,0,0,0,0,0,0,0,0,0,0,0,0,0,0,0,0,0,0,0,0,0,0,0,0,0,0,0,0,0,0,0,0,0,0,0,0,0,0,0,0,0,0,0,0,0,0,100
CMP,0,0,0,0,0,0,0,0,0,0,0,0,0,0,0,0,0,0,0,0,0,0,0,0,0,0,0,0,0,0,0,0,0,0,0,0,0,0,0,0,0,0,0,0,0,0,0,0,0,0,0,0,0,0,0,0,0,0,0,0,0,0,0,0,0,0,0,0,0,0,0,0,0,0,0,0,0,0,0,0,0,0,0,0,100
CMC,0,0,0,0,0,0,0,0,0,0,0,0,0,0,0,0,0,0,0,0,0,0,0,0,0,0,0,0,0,0,0,0,0,0,0,0,0,0,0,0,0,0,0,0,0,0,0,0,0,0,0,0,0,0,0,0,0,0,0,0,0,0,0,0,0,0,0,0,0,0,0,0,0,0,0,0,0,0,0,0,0,0,0,0,100
CMAM,0,0,800,200,0,0,800,200,0,0,800,200,0,0,800,200,0,0,800,200,0,0,800,200,0,0,800,200,0,0,800,200,0,0,800,200,0,0,800,200,0,0,800,200,0,0,800,200,0,0,800,200,0,0,800,200,0,0,800,200,0,0,800,200,0,0,800,200,0,0,800,200,0,0,800,200,0,0,800,200,0
CMAP,0,0,800,200,0,0,800,200,0,0,800,200,0,0,800,200,0,0,800,200,0,0,800,200,0,0,800,200,0,0,800,200,0,0,800,200,0,0,800,200,0,0,800,200,0,0,800,200,0,0,800,200,0,0,800,200,0,0,800,200,0,0,800,200,0,0,800,200,0,0,800,200,0,0,800,200,0,0,800,200,0
CMAC,0,0,800,200,0,0,800,200,0,0,800,200,0,0,800,200,0,0,800,200,0,0,800,200,0,0,800,200,0,0,800,200,0,0,800,200,0,0,800,200,0,0,800,200,0,0,800,200,0,0,800,200,0,0,800,200,0,0,800,200,0,0,800,200,0,0,800,200,0,0,800,200,0,0,800,200,0,0,800,200,0

DFH,1,50,0
DFM,0,0,0,0,0,0,0,0,0,0,0,0,0,0,0,0,0,0,0,0,0,0,0,0,0,0,0,0,0,0,0,0,0,0,0,0,0,0,0,0,0,0,0,0,0,0,0,0,0,0,0,0,0,0,0,0,0,0,0,0,0,0,0,0,0,0,0,0,0,0,0,0,0,0,0,0,0,0,0,0,0,0,0,0,100
DFP,0,0,0,0,0,0,0,0,0,0,0,0,0,0,0,0,0,0,0,0,0,0,0,0,0,0,0,0,0,0,0,0,0,0,0,0,0,0,0,0,0,0,0,0,0,0,0,0,0,0,0,0,0,0,0,0,0,0,0,0,0,0,0,0,0,0,0,0,0,0,0,0,0,0,0,0,0,0,0,0,0,0,0,0,100
DFC,0,0,0,0,0,0,0,0,0,0,0,0,0,0,0,0,0,0,0,0,0,0,0,0,0,0,0,0,0,0,0,0,0,0,0,0,0,0,0,0,0,0,0,0,0,0,0,0,0,0,0,0,0,0,0,0,0,0,0,0,0,0,0,0,0,0,0,0,0,0,0,0,0,0,0,0,0,0,0,0,0,0,0,0,100
DFAM,0,0,800,200,0,0,800,200,0,0,800,200,0,0,800,200,0,0,800,200,0,0,800,200,0,0,800,200,0,0,800,200,0,0,800,200,0,0,800,200,0,0,800,200,0,0,800,200,0,0,800,200,0,0,800,200,0,0,800,200,0,0,800,200,0,0,800,200,0,0,800,200,0,0,800,200,0,0,800,200,0
DFAP,0,0,800,200,0,0,800,200,0,0,800,200,0,0,800,200,0,0,800,200,0,0,800,200,0,0,800,200,0,0,800,200,0,0,800,200,0,0,800,200,0,0,800,200,0,0,800,200,0,0,800,200,0,0,800,200,0,0,800,200,0,0,800,200,0,0,800,200,0,0,800,200,0,0,800,200,0,0,800,200,0
DFAC,0,0,800,200,0,0,800,200,0,0,800,200,0,0,800,200,0,0,800,200,0,0,800,200,0,0,800,200,0,0,800,200,0,0,800,200,0,0,800,200,0,0,800,200,0,0,800,200,0,0,800,200,0,0,800,200,0,0,800,200,0,0,800,200,0,0,800,200,0,0,800,200,0,0,800,200,0,0,800,200,0
DMH,1,50,0
DMM,0,0,0,0,0,0,0,0,0,0,0,0,0,0,0,0,0,0,0,0,0,0,0,0,0,0,0,0,0,0,0,0,0,0,0,0,0,0,0,0,0,0,0,0,0,0,0,0,0,0,0,0,0,0,0,0,0,0,0,0,0,0,0,0,0,0,0,0,0,0,0,0,0,0,0,0,0,0,0,0,0,0,0,0,100
DMP,0,0,0,0,0,0,0,0,0,0,0,0,0,0,0,0,0,0,0,0,0,0,0,0,0,0,0,0,0,0,0,0,0,0,0,0,0,0,0,0,0,0,0,0,0,0,0,0,0,0,0,0,0,0,0,0,0,0,0,0,0,0,0,0,0,0,0,0,0,0,0,0,0,0,0,0,0,0,0,0,0,0,0,0,100
DMC,0,0,0,0,0,0,0,0,0,0,0,0,0,0,0,0,0,0,0,0,0,0,0,0,0,0,0,0,0,0,0,0,0,0,0,0,0,0,0,0,0,0,0,0,0,0,0,0,0,0,0,0,0,0,0,0,0,0,0,0,0,0,0,0,0,0,0,0,0,0,0,0,0,0,0,0,0,0,0,0,0,0,0,0,100
DMAM,0,0,800,200,0,0,800,200,0,0,800,200,0,0,800,200,0,0,800,200,0,0,800,200,0,0,800,200,0,0,800,200,0,0,800,200,0,0,800,200,0,0,800,200,0,0,800,200,0,0,800,200,0,0,800,200,0,0,800,200,0,0,800,200,0,0,800,200,0,0,800,200,0,0,800,200,0,0,800,200,0
DMAP,0,0,800,200,0,0,800,200,0,0,800,200,0,0,800,200,0,0,800,200,0,0,800,200,0,0,800,200,0,0,800,200,0,0,800,200,0,0,800,200,0,0,800,200,0,0,800,200,0,0,800,200,0,0,800,200,0,0,800,200,0,0,800,200,0,0,800,200,0,0,800,200,0,0,800,200,0,0,800,200,0
DMAC,0,0,800,200,0,0,800,200,0,0,800,200,0,0,800,200,0,0,800,200,0,0,800,200,0,0,800,200,0,0,800,200,0,0,800,200,0,0,800,200,0,0,800,200,0,0,800,200,0,0,800,200,0,0,800,200,0,0,800,200,0,0,800,200,0,0,800,200,0,0,800,200,0,0,800,200,0,0,800,200,0

EAFA,1,1,190,200,2,1,250,320,6,1,470,740,6,1,3600,4000,5,1,8200,5200,7,0,0,0
EAFB,1,1,190,200,1,1,250,320,5,1,470,740,5,1,3600,4000,5,1,8200,5200,5,0,0,0
EAFC,1,0,190,200,1,1,250,320,3,1,470,740,3,1,3600,4000,3,1,8200,5200,2,0,0,0
EAFD,1,3,100,180,0,1,250,320,1,1,470,740,1,1,3600,4000,1,1,8200,5200,1,0,0,0
EAFE,1,3,120,180,0,0,250,320,0,0,470,740,0,0,3600,4000,0,0,8200,5200,0,0,0,0

EAMA,1,1,190,200,3,1,250,320,6,1,470,740,6,1,3600,4000,5,1,8200,5200,8,0,0,0
EAMB,1,1,190,200,2,1,250,320,5,1,470,740,6,1,3600,4000,5,1,8200,5200,6,0,0,0
EAMC,1,1,210,200,1,1,250,320,3,1,470,740,4,1,3600,4000,3,1,8200,5200,4,0,0,0
EAMD,1,3,95,1800,0,1,250,320,1,1,470,740,2,1,3600,4000,1,1,8200,5200,2,0,0,0
EAME,1,3,110,180,0,0,250,320,0,0,470,740,0,0,3600,4000,0,0,8200,5200,0,0,0,0

EBFA,1,1,190,200,2,1,240,310,7,1,460,740,6,1,4100,4000,5,1,8200,5800,7,0,0,0
EBFB,1,1,190,200,1,1,240,310,6,1,460,740,5,1,4100,4000,5,1,8200,5800,5,0,0,0
EBFC,1,0,190,200,1,1,240,310,4,1,460,740,3,1,4100,4000,3,1,8200,5800,3,0,0,0
EBFD,1,3,100,180,0,1,240,310,2,1,460,740,1,1,4100,4000,1,1,8200,5800,1,0,0,0
EBFE,1,3,120,180,0,0,240,310,0,0,460,740,0,0,4100,4000,0,0,8200,5800,0,0,0,0

EBMA,1,1,190,200,3,1,240,310,7,1,460,740,6,1,4100,4000,5,1,8200,5800,8,0,0,0
EBMB,1,1,190,200,2,1,240,310,6,1,460,740,6,1,4100,4000,5,1,8200,5800,6,0,0,0
EBMC,1,1,210,200,1,1,240,310,4,1,460,740,4,1,4100,4000,3,1,8200,5800,4,0,0,0
EBMD,1,3,95,1800,0,1,240,310,2,1,460,740,2,1,4100,4000,1,1,8200,5800,2,0,0,0
EBME,1,3,110,180,0,0,240,310,0,0,460,740,0,0,4100,4000,0,0,8200,5800,0,0,0,0

ECFA,0,0,800,200,0,0,800,200,0,0,800,200,0,0,800,200,0,0,800,200,0,0,0,0
ECFB,0,0,800,200,0,0,800,200,0,0,800,200,0,0,800,200,0,0,800,200,0,0,0,0
ECFC,0,0,800,200,0,0,800,200,0,0,800,200,0,0,800,200,0,0,800,200,0,0,0,0
ECFD,0,0,800,200,0,0,800,200,0,0,800,200,0,0,800,200,0,0,800,200,0,0,0,0
ECFE,0,0,800,200,0,0,800,200,0,0,800,200,0,0,800,200,0,0,800,200,0,0,0,0

ECMA,0,0,800,200,0,0,800,200,0,0,800,200,0,0,800,200,0,0,800,200,0,0,0,0
ECMB,0,0,800,200,0,0,800,200,0,0,800,200,0,0,800,200,0,0,800,200,0,0,0,0
ECMC,0,0,800,200,0,0,800,200,0,0,800,200,0,0,800,200,0,0,800,200,0,0,0,0
ECMD,0,0,800,200,0,0,800,200,0,0,800,200,0,0,800,200,0,0,800,200,0,0,0,0
ECME,0,0,800,200,0,0,800,200,0,0,800,200,0,0,800,200,0,0,800,200,0,0,0,0

EDFA,0,0,800,200,0,0,800,200,0,0,800,200,0,0,800,200,0,0,800,200,0,0,0,0
EDFB,0,0,800,200,0,0,800,200,0,0,800,200,0,0,800,200,0,0,800,200,0,0,0,0
EDFC,0,0,800,200,0,0,800,200,0,0,800,200,0,0,800,200,0,0,800,200,0,0,0,0
EDFD,0,0,800,200,0,0,800,200,0,0,800,200,0,0,800,200,0,0,800,200,0,0,0,0
EDFE,0,0,800,200,0,0,800,200,0,0,800,200,0,0,800,200,0,0,800,200,0,0,0,0

EDMA,0,0,800,200,0,0,800,200,0,0,800,200,0,0,800,200,0,0,800,200,0,0,0,0
EDMB,0,0,800,200,0,0,800,200,0,0,800,200,0,0,800,200,0,0,800,200,0,0,0,0
EDMC,0,0,800,200,0,0,800,200,0,0,800,200,0,0,800,200,0,0,800,200,0,0,0,0
EDMD,0,0,800,200,0,0,800,200,0,0,800,200,0,0,800,200,0,0,800,200,0,0,0,0
EDME,0,0,800,200,0,0,800,200,0,0,800,200,0,0,800,200,0,0,800,200,0,0,0,0

